League Team Standings 1 - THE UBL SEASON 16 MONDAY DIVISION
Pins (000)000-0000 Mon, 6:45:00 PM 8:40:00 PM
Week # 11 - 3/9/2026
Id Team Name Won Loss Pins HGS HSS Won Loss
 1 3 PLAYMASTERS 26 4 13700 806 1498 26 4
 2 5 AMIGOS SEGUNDO 24 6 13649 750 1486 24 6
 3 1 4BAGGERZ NATION 20 10 13814 804 1522 20 10
 4 6 PLAYMASTERS MAVERIC 19 11 13190 739 1383 19 11
 5 8 PLAYMASTERS RISING 12 18 12512 739 1361 12 18
 6 4 BALLBARIANS STRIKERS 8 22 12211 758 1431 8 22
 7 2 MAHADEV STRIKERS 8 22 11825 661 1254 8 22
 8 7 NDOVU STRIKERS 3 27 11056 645 1181 3 27

Bowler Statistics LW 1 2 Serie Hdcp HGS HSS HGH HSH Pins Gms Avg
1-4BAGGERZ NATION
CHIRAG 10 181 179 360 0 189 360 189 360 1640 10 164
HARSH 10 222 222 444 0 222 444 222 444 2781 16 173
SAAGAR 10 175 188 363 0 220 397 220 397 2785 16 174
NIHIL 10 191 164 355 0 210 390 210 390 3577 20 178
JOSLINE 0 0 243 407 243 407 2757 16 172
RAMESH 0 0 158 274 158 274 274 2 137
2-MAHADEV STRIKERS
KISHAN 10 116 161 277 0 232 370 232 370 3163 20 158
KAUSHAL 10 171 190 361 0 190 361 190 361 3014 20 150
PRITESH 10 164 141 305 0 182 305 182 305 610 4 152
JAGDISH 10 150 161 311 0 208 359 208 359 3090 20 154
ARVIND 0 0 133 245 133 245 482 4 120
JINESH 0 0 0 0 0 0 0 0 0
NILESH 0 0 133 248 133 248 960 8 120
PRIYAL 0 0 153 276 153 276 506 4 126
3-PLAYMASTERS
PARAS 10 152 148 300 0 196 378 196 378 1361 8 170
SURESH 10 212 152 364 0 227 417 227 417 2688 16 168
HIREN 10 143 201 344 0 217 389 217 389 3134 18 174
PARTH 10 192 237 429 0 237 429 237 429 2514 14 179
JAMES 0 0 210 392 210 392 2021 12 168
NITIN 0 0 209 380 209 380 1982 12 165
4-BALLBARIANS STRIKERS
TUSHAR 10 151 129 280 0 169 322 169 322 1150 8 143
VIPUL 10 151 149 300 0 154 300 154 300 579 4 144
PRAKASH 10 195 124 319 0 196 357 196 357 2828 18 157
CHETAN 10 155 170 325 0 191 372 191 372 2599 16 162
ANKUSH 0 0 205 332 205 332 605 4 151
RAVI K. 0 0 179 310 179 310 587 4 146
NISH 0 0 234 408 234 408 2285 14 163
NIRAV 0 0 162 301 162 301 1578 12 131
5-AMIGOS SEGUNDO
JOE 10 171 133 304 0 213 385 213 385 2759 16 172
CHARLES 10 190 111 301 0 190 358 190 358 1692 10 169
BISMARK 10 183 145 328 0 235 408 235 408 2871 16 179
DUFLA 10 197 182 379 0 218 400 218 400 3547 20 177
VIRAL 0 0 158 290 158 290 290 2 145
DERICK 0 0 179 325 179 325 647 4 161
ALEX 0 0 174 337 174 337 1549 10 154
ABSHIR 0 0 148 294 148 294 294 2 147
6-PLAYMASTERS MAVERICKS
DEEPEN 10 180 169 349 0 230 400 230 400 3605 20 180
MANDELA 10 185 140 325 0 185 361 185 361 2601 16 162
RAHUL 10 138 192 330 0 235 384 235 384 2999 18 166
IAN 10 147 149 296 0 202 357 202 357 653 4 163
KISHAN 0 0 172 319 172 319 877 6 146
AVNISH 0 0 194 342 194 342 1622 10 162
DARSHI 0 0 181 332 181 332 833 6 138
7-NDOVU STRIKERS
MANAV 10 125 140 265 0 147 266 147 266 1768 14 126
PRADYUMAN 10 127 180 307 0 180 316 180 316 1683 12 140
DIKSHIT 10 114 124 238 0 187 303 187 303 1562 12 130
KHUSHIL 10 158 201 359 0 201 359 201 359 3150 20 157
PREM 0 0 141 260 141 260 517 4 129
DHRUV 0 0 178 356 178 356 1413 10 141
PRITAM 0 0 145 264 145 264 963 8 120
JENTI 0 0 0 0 0 0 0 0 0
8-PLAYMASTERS RISING
DOROTHY 10 149 132 281 0 224 381 224 381 3192 20 159
SMITH 10 111 190 301 0 190 301 190 301 301 2 150
VICTOR 10 158 146 304 0 191 309 191 309 1800 12 150
KISHAN 10 136 142 278 0 166 305 166 305 583 4 145
DILEN 0 0 192 347 192 347 923 6 153
IAN 0 0 221 403 221 403 2782 16 173
SAM G. 0 0 182 316 182 316 581 4 145
KEVIN 0 0 194 350 194 350 1192 8 149
VRAJ 0 0 166 312 166 312 1158 8 144
