League Team Standings 1 - THE UBL SEASON 16 TUESDAY DIVISION
Pins (000)000-0000 Tue, 6:45:00 PM 8:40:00 PM
Week # 11 - 3/10/2026
Id Team Name Won Loss Pins HGS HSS Won Loss
 1 1 EASTLINE STARS 22 8 13608 840 1532 22 8
 2 6 AMIGOS ESTRELLA I 22 5 12265 774 1437 22 5
 3 7 THE UNBOWLIVABLES 20 10 13416 778 1487 20 10
 4 5 254 BOWLERS 19 11 13447 772 1486 19 11
 5 3 NOISY KINGS 16 14 13259 786 1521 16 14
 6 4 UNBOWLIVABLE STRIK I 8 19 10912 731 1325 8 19
 7 2 TEAM 55 I 4 20 9165 687 1244 4 20
 8 8 AMIGOS SENORAS 3 27 11381 684 1278 3 27

Bowler Statistics LW 1 2 Serie Hdcp HGS HSS HGH HSH Pins Gms Avg
1-EASTLINE STARS
WONI 10 204 151 355 0 214 386 214 386 3557 20 177
SHARU 10 167 178 345 0 256 412 256 412 2359 14 168
SADAM 10 148 170 318 0 170 318 170 318 318 2 159
SAID 10 213 199 412 0 214 415 214 415 3608 20 180
SADIIQ 0 0 214 369 214 369 679 4 169
DUALE 0 0 132 261 132 261 261 2 130
WILLY 0 0 191 351 191 351 1594 10 159
RASHKA 0 0 0 0 0 0 0 0 0
KEYSE 0 0 152 300 152 300 573 4 143
2-TEAM 55
SUMANT 0 0 182 340 182 340 1787 12 148
SHAYAN 0 0 157 294 157 294 1097 8 137
ROMEET 0 0 185 325 185 325 2303 16 143
MUNDRI 0 0 187 320 187 320 2315 16 144
HARSHIL KERAI 0 0 163 296 163 296 1410 10 141
HARSHIL BHUDIA 0 0 162 253 162 253 253 2 126
3-NOISY KINGS
SADAM 10 144 179 323 0 244 429 244 429 3406 20 170
ZAKARIA 10 143 166 309 0 223 421 223 421 3337 20 166
BRIAN 10 193 158 351 0 193 351 193 351 678 4 169
PUNDIT 10 159 202 361 0 210 379 210 379 1696 10 169
OMAR 0 0 212 387 212 387 387 2 193
TABLA 0 0 173 338 173 338 1328 8 166
ANTO 0 0 211 343 211 343 2427 16 151
4-UNBOWLIVABLE STRIKERS
PILU 10 136 182 318 0 194 340 194 340 2210 14 157
PRITESH 10 177 156 333 0 233 363 233 363 2149 14 153
YASH 10 171 136 307 0 191 369 191 369 1592 10 159
ROHIN 10 186 145 331 0 189 356 189 356 2141 14 152
HEMAL 0 0 150 276 150 276 503 4 125
NILMA 0 0 184 314 184 314 1083 8 135
DHYEY 0 0 194 348 194 348 1234 8 154
5-254 BOWLERS
RASHESH A. 10 148 189 337 0 220 422 220 422 3539 20 176
BHAVIK S. 10 146 180 326 0 228 400 228 400 3247 20 162
DEEPAK G. 10 193 146 339 0 226 411 226 411 3389 20 169
RAVI R. 10 159 194 353 0 194 370 194 370 3272 20 163
6-AMIGOS ESTRELLA
SAM 0 0 248 435 248 435 2825 16 176
HARI 0 0 258 440 258 440 1852 10 185
BEN 0 0 211 393 211 393 3239 18 179
OSCAR 0 0 174 331 174 331 1517 10 151
MOSE 0 0 173 341 173 341 1254 8 156
ISMAIL 0 0 162 295 162 295 561 4 140
DICKENS 0 0 222 329 222 329 657 4 164
HUDSON 0 0 190 360 190 360 360 2 180
7-THE UNBOWLIVABLES
NIRAL 10 130 165 295 0 212 390 212 390 2908 18 161
SUNIL 10 132 194 326 0 194 326 194 326 326 2 163
MIRAJ 10 164 144 308 0 215 369 215 369 3151 20 157
AKU 10 177 177 354 0 221 442 221 442 3536 20 176
HARSH 0 0 234 404 234 404 2276 12 189
SHIVAM 0 0 179 343 179 343 1219 8 152
8-AMIGOS SENORAS
SONIKA 10 165 167 332 0 205 363 205 363 3129 20 156
ALEXA 10 131 126 257 0 147 257 147 257 1235 10 123
DASHNI 10 145 155 300 0 162 305 162 305 806 6 134
JUSTINE 10 134 167 301 0 193 375 193 375 2928 20 146
ROSE 0 0 198 320 198 320 1148 8 143
AMRIT 0 0 166 291 166 291 2135 16 133
